timestamp,R_joint_0_x,R_joint_0_y,R_joint_0_z,R_joint_1_x,R_joint_1_y,R_joint_1_z,R_joint_2_x,R_joint_2_y,R_joint_2_z,R_joint_3_x,R_joint_3_y,R_joint_3_z,R_joint_4_x,R_joint_4_y,R_joint_4_z,R_joint_5_x,R_joint_5_y,R_joint_5_z,R_joint_6_x,R_joint_6_y,R_joint_6_z,R_joint_7_x,R_joint_7_y,R_joint_7_z,R_joint_8_x,R_joint_8_y,R_joint_8_z,R_joint_9_x,R_joint_9_y,R_joint_9_z,R_joint_10_x,R_joint_10_y,R_joint_10_z,R_joint_11_x,R_joint_11_y,R_joint_11_z,R_joint_12_x,R_joint_12_y,R_joint_12_z,R_joint_13_x,R_joint_13_y,R_joint_13_z,R_joint_14_x,R_joint_14_y,R_joint_14_z,R_joint_15_x,R_joint_15_y,R_joint_15_z,R_joint_16_x,R_joint_16_y,R_joint_16_z,R_joint_17_x,R_joint_17_y,R_joint_17_z,R_joint_18_x,R_joint_18_y,R_joint_18_z,R_joint_19_x,R_joint_19_y,R_joint_19_z,R_joint_20_x,R_joint_20_y,R_joint_20_z,L_joint_0_x,L_joint_0_y,L_joint_0_z,L_joint_1_x,L_joint_1_y,L_joint_1_z,L_joint_2_x,L_joint_2_y,L_joint_2_z,L_joint_3_x,L_joint_3_y,L_joint_3_z,L_joint_4_x,L_joint_4_y,L_joint_4_z,L_joint_5_x,L_joint_5_y,L_joint_5_z,L_joint_6_x,L_joint_6_y,L_joint_6_z,L_joint_7_x,L_joint_7_y,L_joint_7_z,L_joint_8_x,L_joint_8_y,L_joint_8_z,L_joint_9_x,L_joint_9_y,L_joint_9_z,L_joint_10_x,L_joint_10_y,L_joint_10_z,L_joint_11_x,L_joint_11_y,L_joint_11_z,L_joint_12_x,L_joint_12_y,L_joint_12_z,L_joint_13_x,L_joint_13_y,L_joint_13_z,L_joint_14_x,L_joint_14_y,L_joint_14_z,L_joint_15_x,L_joint_15_y,L_joint_15_z,L_joint_16_x,L_joint_16_y,L_joint_16_z,L_joint_17_x,L_joint_17_y,L_joint_17_z,L_joint_18_x,L_joint_18_y,L_joint_18_z,L_joint_19_x,L_joint_19_y,L_joint_19_z,L_joint_20_x,L_joint_20_y,L_joint_20_z
1783390797.1896808,0.7449384927749634,0.5820237398147583,-3.0238473414101463e-07,0.6896206140518188,0.5725823044776917,0.0014190804213285446,0.6372161507606506,0.598335862159729,-0.011981219984591007,0.6031920909881592,0.6546796560287476,-0.02624685876071453,0.5904180407524109,0.6959505677223206,-0.04145362600684166,0.6062544584274292,0.5156227946281433,-0.0318974070250988,0.553088903427124,0.5981392860412598,-0.0585147850215435,0.5218297839164734,0.64943528175354,-0.07700411975383759,0.49563339352607727,0.6866067051887512,-0.09068389236927032,0.6317082047462463,0.5219746232032776,-0.04487212747335434,0.5838435292243958,0.6538571119308472,-0.06897798925638199,0.6068019866943359,0.6791913509368896,-0.07091066241264343,0.6221668720245361,0.6622260212898254,-0.07254022359848022,0.6609082221984863,0.5458738803863525,-0.05735718831419945,0.6227927803993225,0.6768767237663269,-0.07525684684515,0.6444298028945923,0.6832616925239563,-0.06334462761878967,0.6575835943222046,0.6484583616256714,-0.05544790253043175,0.6887008547782898,0.5757085084915161,-0.06999386101961136,0.6564599871635437,0.682048499584198,-0.08171482384204865,0.6696649789810181,0.6909158229827881,-0.07315801829099655,0.6806716322898865,0.6622209548950195,-0.0668504387140274,0.0,0.0,0.0,0.0,0.0,0.0,0.0,0.0,0.0,0.0,0.0,0.0,0.0,0.0,0.0,0.0,0.0,0.0,0.0,0.0,0.0,0.0,0.0,0.0,0.0,0.0,0.0,0.0,0.0,0.0,0.0,0.0,0.0,0.0,0.0,0.0,0.0,0.0,0.0,0.0,0.0,0.0,0.0,0.0,0.0,0.0,0.0,0.0,0.0,0.0,0.0,0.0,0.0,0.0,0.0,0.0,0.0,0.0,0.0,0.0,0.0,0.0,0.0
1783390797.348368,0.7462027668952942,0.5819495320320129,-2.993564294229145e-07,0.6911857724189758,0.5731909871101379,0.001530258683487773,0.638934314250946,0.5984470844268799,-0.012044074945151806,0.6045871376991272,0.6538452506065369,-0.026688164100050926,0.5918275713920593,0.6963388919830322,-0.042380671948194504,0.6075630784034729,0.5149756669998169,-0.03186619654297829,0.5540744066238403,0.5981133580207825,-0.058903276920318604,0.5235270261764526,0.6515078544616699,-0.07736603915691376,0.4984942078590393,0.6902374625205994,-0.09075425565242767,0.6338024139404297,0.5213315486907959,-0.04541923850774765,0.5855362415313721,0.651115894317627,-0.07013076543807983,0.6063329577445984,0.6809505820274353,-0.0726378783583641,0.6203791499137878,0.6678921580314636,-0.07456979155540466,0.663501501083374,0.5465919971466064,-0.058522552251815796,0.6256038546562195,0.6778615117073059,-0.07652512192726135,0.6467769742012024,0.6874078512191772,-0.06491044163703918,0.6599476337432861,0.6543447971343994,-0.05720425769686699,0.6915395259857178,0.5778855085372925,-0.07189792394638062,0.6596753597259521,0.6842926144599915,-0.08373512327671051,0.6714451909065247,0.6966671943664551,-0.07577384263277054,0.6814737319946289,0.6700984239578247,-0.0699024647474289,0.0,0.0,0.0,0.0,0.0,0.0,0.0,0.0,0.0,0.0,0.0,0.0,0.0,0.0,0.0,0.0,0.0,0.0,0.0,0.0,0.0,0.0,0.0,0.0,0.0,0.0,0.0,0.0,0.0,0.0,0.0,0.0,0.0,0.0,0.0,0.0,0.0,0.0,0.0,0.0,0.0,0.0,0.0,0.0,0.0,0.0,0.0,0.0,0.0,0.0,0.0,0.0,0.0,0.0,0.0,0.0,0.0,0.0,0.0,0.0,0.0,0.0,0.0
1783390797.51156,0.7463695406913757,0.5823196768760681,-3.0056094146857504e-07,0.691428005695343,0.5749216675758362,0.00252342177554965,0.6393213868141174,0.6010822057723999,-0.011315635405480862,0.6054350733757019,0.6571635007858276,-0.02633300982415676,0.5925273299217224,0.6999462842941284,-0.042472053319215775,0.6079779267311096,0.5147870182991028,-0.03284209221601486,0.5535503625869751,0.5988476276397705,-0.06103355810046196,0.5227511525154114,0.6528072953224182,-0.08027120679616928,0.49750226736068726,0.6917510628700256,-0.0940101370215416,0.6344912052154541,0.5207597613334656,-0.046880751848220825,0.5855997204780579,0.6514111757278442,-0.0717577189207077,0.6071093678474426,0.6802160739898682,-0.07371456921100616,0.621260404586792,0.6654723882675171,-0.07534639537334442,0.664018452167511,0.5458781719207764,-0.06038516387343407,0.6254606246948242,0.6803467273712158,-0.07781144231557846,0.6473556756973267,0.6877136826515198,-0.06510330736637115,0.660280168056488,0.6522109508514404,-0.05703456699848175,0.6918820142745972,0.5770991444587708,-0.07409919798374176,0.6597398519515991,0.6859245300292969,-0.08539750427007675,0.67303866147995,0.6956435441970825,-0.07641270756721497,0.683547854423523,0.6661587357521057,-0.06993532180786133,0.0,0.0,0.0,0.0,0.0,0.0,0.0,0.0,0.0,0.0,0.0,0.0,0.0,0.0,0.0,0.0,0.0,0.0,0.0,0.0,0.0,0.0,0.0,0.0,0.0,0.0,0.0,0.0,0.0,0.0,0.0,0.0,0.0,0.0,0.0,0.0,0.0,0.0,0.0,0.0,0.0,0.0,0.0,0.0,0.0,0.0,0.0,0.0,0.0,0.0,0.0,0.0,0.0,0.0,0.0,0.0,0.0,0.0,0.0,0.0,0.0,0.0,0.0
1783390797.665001,0.7475080490112305,0.5833584666252136,-3.0063134204283415e-07,0.6932693719863892,0.5733926296234131,0.0016833582194522023,0.6400052905082703,0.6013978719711304,-0.011673199944198132,0.6046084761619568,0.6588939428329468,-0.026062119752168655,0.5905817747116089,0.7042936086654663,-0.04169530048966408,0.6078369617462158,0.5172139406204224,-0.030703196302056313,0.5538527369499207,0.6000038385391235,-0.05596989020705223,0.5223037004470825,0.6527102589607239,-0.07265531271696091,0.4969789981842041,0.6902844309806824,-0.08495058864355087,0.6330094933509827,0.5250087976455688,-0.04434279724955559,0.5834714770317078,0.6550247073173523,-0.0681101381778717,0.6046615242958069,0.6869214177131653,-0.07005772739648819,0.6199473142623901,0.6749696135520935,-0.07157187908887863,0.6615669131278992,0.5510808229446411,-0.05743318423628807,0.6238568425178528,0.6849050521850586,-0.07497934997081757,0.6460453271865845,0.6929619908332825,-0.06353074312210083,0.6593579053878784,0.6592125296592712,-0.056214723736047745,0.6890867352485657,0.5825385451316833,-0.07071452587842941,0.657149076461792,0.6909587979316711,-0.08251754939556122,0.6714960336685181,0.7003446221351624,-0.07433934509754181,0.6830896735191345,0.6718819737434387,-0.06839034706354141,0.0,0.0,0.0,0.0,0.0,0.0,0.0,0.0,0.0,0.0,0.0,0.0,0.0,0.0,0.0,0.0,0.0,0.0,0.0,0.0,0.0,0.0,0.0,0.0,0.0,0.0,0.0,0.0,0.0,0.0,0.0,0.0,0.0,0.0,0.0,0.0,0.0,0.0,0.0,0.0,0.0,0.0,0.0,0.0,0.0,0.0,0.0,0.0,0.0,0.0,0.0,0.0,0.0,0.0,0.0,0.0,0.0,0.0,0.0,0.0,0.0,0.0,0.0
1783390797.8080509,0.7482914328575134,0.5928837656974792,-3.0669258421767154e-07,0.6935877203941345,0.5829780697822571,0.002721488941460848,0.6397517919540405,0.6081719398498535,-0.01005608681589365,0.603573203086853,0.6617180705070496,-0.023953240364789963,0.5890596508979797,0.7033490538597107,-0.03919117525219917,0.6089063882827759,0.5242482423782349,-0.030940445140004158,0.5542374849319458,0.6063748598098755,-0.05609075352549553,0.5225932002067566,0.6582915186882019,-0.07258713990449905,0.49642348289489746,0.6956748366355896,-0.08477368950843811,0.6335296630859375,0.5314065217971802,-0.04477318003773689,0.5834646821022034,0.6609832644462585,-0.06821325421333313,0.6049986481666565,0.6924341917037964,-0.06952453404664993,0.6207250356674194,0.6806951761245728,-0.07066195458173752,0.6617422699928284,0.5573789477348328,-0.057901863008737564,0.6229919195175171,0.689685583114624,-0.07511398196220398,0.6453918218612671,0.69918292760849,-0.06309922784566879,0.6594125628471375,0.6663585305213928,-0.055430058389902115,0.6888853311538696,0.5887267589569092,-0.07114208489656448,0.6567719578742981,0.6959027647972107,-0.08263714611530304,0.6709702610969543,0.7087880969047546,-0.07428387552499771,0.6827076077461243,0.6829694509506226,-0.06823872774839401,0.0,0.0,0.0,0.0,0.0,0.0,0.0,0.0,0.0,0.0,0.0,0.0,0.0,0.0,0.0,0.0,0.0,0.0,0.0,0.0,0.0,0.0,0.0,0.0,0.0,0.0,0.0,0.0,0.0,0.0,0.0,0.0,0.0,0.0,0.0,0.0,0.0,0.0,0.0,0.0,0.0,0.0,0.0,0.0,0.0,0.0,0.0,0.0,0.0,0.0,0.0,0.0,0.0,0.0,0.0,0.0,0.0,0.0,0.0,0.0,0.0,0.0,0.0
1783390797.949861,0.7515978217124939,0.5998729467391968,-3.1663850563745655e-07,0.6973468661308289,0.5912625193595886,0.003433798672631383,0.6436859965324402,0.6164937615394592,-0.00879949051886797,0.607526957988739,0.6694983243942261,-0.02238968387246132,0.5915553569793701,0.7101612091064453,-0.03712991625070572,0.6114771366119385,0.5340782999992371,-0.028929516673088074,0.5562394857406616,0.6147011518478394,-0.053547151386737823,0.5245570540428162,0.6651566624641418,-0.07001107931137085,0.49822863936424255,0.7010523676872253,-0.08229603618383408,0.6362391710281372,0.5404258966445923,-0.04295768588781357,0.5862267017364502,0.6666409969329834,-0.0666142925620079,0.6083352565765381,0.6966773271560669,-0.0685749426484108,0.6241539120674133,0.6835927367210388,-0.06998010724782944,0.6647486090660095,0.5649315714836121,-0.05623343214392662,0.625852644443512,0.6942098140716553,-0.07345026731491089,0.6486926674842834,0.703682005405426,-0.06175985187292099,0.6629413366317749,0.6709228157997131,-0.05414848029613495,0.6923549771308899,0.5950188040733337,-0.06955160200595856,0.6605897545814514,0.7012518644332886,-0.08085193485021591,0.6749078035354614,0.7126672863960266,-0.07265035808086395,0.6864156126976013,0.6851781606674194,-0.06667056679725647,0.0,0.0,0.0,0.0,0.0,0.0,0.0,0.0,0.0,0.0,0.0,0.0,0.0,0.0,0.0,0.0,0.0,0.0,0.0,0.0,0.0,0.0,0.0,0.0,0.0,0.0,0.0,0.0,0.0,0.0,0.0,0.0,0.0,0.0,0.0,0.0,0.0,0.0,0.0,0.0,0.0,0.0,0.0,0.0,0.0,0.0,0.0,0.0,0.0,0.0,0.0,0.0,0.0,0.0,0.0,0.0,0.0,0.0,0.0,0.0,0.0,0.0,0.0
1783390798.175335,0.7564270496368408,0.6111137866973877,-3.0965443897912337e-07,0.6975417733192444,0.6072746515274048,0.00088741525541991,0.6438151597976685,0.6333698034286499,-0.013378066010773182,0.610878586769104,0.6857032775878906,-0.028567414730787277,0.6016371846199036,0.7267930507659912,-0.04484632611274719,0.616162896156311,0.5416719317436218,-0.03284165635704994,0.5623763203620911,0.6242461204528809,-0.05953468009829521,0.5320878624916077,0.6743199825286865,-0.07782820612192154,0.5067486763000488,0.7087303400039673,-0.09146668016910553,0.6432479023933411,0.5489349961280823,-0.04659070447087288,0.5966211557388306,0.6816555261611938,-0.07236640900373459,0.6195146441459656,0.7062195539474487,-0.0754840075969696,0.6341792345046997,0.6870827078819275,-0.0777401402592659,0.6742668747901917,0.5736654996871948,-0.05974971875548363,0.6363126039505005,0.7048897743225098,-0.07964468747377396,0.6584824323654175,0.7101138234138489,-0.06879156827926636,0.6708411574363708,0.6731069684028625,-0.06125083193182945,0.7038496136665344,0.6025228500366211,-0.07300955802202225,0.6720499992370605,0.7108146548271179,-0.08568363636732101,0.6857060194015503,0.7182298302650452,-0.07747026532888412,0.6952966451644897,0.6869935393333435,-0.07143736630678177,0.0,0.0,0.0,0.0,0.0,0.0,0.0,0.0,0.0,0.0,0.0,0.0,0.0,0.0,0.0,0.0,0.0,0.0,0.0,0.0,0.0,0.0,0.0,0.0,0.0,0.0,0.0,0.0,0.0,0.0,0.0,0.0,0.0,0.0,0.0,0.0,0.0,0.0,0.0,0.0,0.0,0.0,0.0,0.0,0.0,0.0,0.0,0.0,0.0,0.0,0.0,0.0,0.0,0.0,0.0,0.0,0.0,0.0,0.0,0.0,0.0,0.0,0.0
1783390798.317549,0.7567089796066284,0.6204156875610352,-2.8048066269548144e-07,0.6963284015655518,0.6165511608123779,-0.0005130261997692287,0.6429779529571533,0.6402271389961243,-0.016417142003774643,0.610482394695282,0.6912649869918823,-0.033115826547145844,0.6049822568893433,0.7299188375473022,-0.05087464675307274,0.6174424886703491,0.5452629923820496,-0.036433253437280655,0.5643524527549744,0.6287805438041687,-0.0643467828631401,0.534288227558136,0.6802111864089966,-0.08268264681100845,0.5095810890197754,0.715937077999115,-0.0961839035153389,0.6460570096969604,0.5502092838287354,-0.05008985847234726,0.6003537178039551,0.6851235628128052,-0.07694541662931442,0.6254342198371887,0.7079012393951416,-0.0786227136850357,0.6411159634590149,0.685878336429596,-0.07960757613182068,0.6781591176986694,0.5745959877967834,-0.06339433044195175,0.6414403915405273,0.7088402509689331,-0.08442352712154388,0.663004457950592,0.715095579624176,-0.07264923304319382,0.6748841404914856,0.6784486174583435,-0.0641934871673584,0.7080600261688232,0.6040507555007935,-0.07690455764532089,0.6756548881530762,0.7118034958839417,-0.09016206860542297,0.6878021955490112,0.7220805883407593,-0.08172817528247833,0.6970747113227844,0.69388347864151,-0.07549557089805603,0.0,0.0,0.0,0.0,0.0,0.0,0.0,0.0,0.0,0.0,0.0,0.0,0.0,0.0,0.0,0.0,0.0,0.0,0.0,0.0,0.0,0.0,0.0,0.0,0.0,0.0,0.0,0.0,0.0,0.0,0.0,0.0,0.0,0.0,0.0,0.0,0.0,0.0,0.0,0.0,0.0,0.0,0.0,0.0,0.0,0.0,0.0,0.0,0.0,0.0,0.0,0.0,0.0,0.0,0.0,0.0,0.0,0.0,0.0,0.0,0.0,0.0,0.0
1783390798.484519,0.7534867525100708,0.634809672832489,-2.8205317903484683e-07,0.6910204887390137,0.6365641355514526,-0.003238303354009986,0.6388803124427795,0.6576895117759705,-0.019246699288487434,0.6075464487075806,0.7078707814216614,-0.035529833287000656,0.6094470024108887,0.7421928644180298,-0.052524078637361526,0.6133382320404053,0.55991530418396,-0.035235874354839325,0.5641708970069885,0.6425068378448486,-0.06401558965444565,0.5358046889305115,0.694232165813446,-0.0837700292468071,0.5107061862945557,0.7306872010231018,-0.09834537655115128,0.6437253355979919,0.5581855177879333,-0.047485027462244034,0.6035275459289551,0.6919421553611755,-0.07365027815103531,0.6299914717674255,0.711203932762146,-0.07567937672138214,0.6460112929344177,0.6870661377906799,-0.07713653147220612,0.6777365803718567,0.5772160887718201,-0.060081157833337784,0.6444861888885498,0.7133915424346924,-0.08140832930803299,0.6658310294151306,0.7194195985794067,-0.07068057358264923,0.6765741109848022,0.6819284558296204,-0.06266172230243683,0.7095987796783447,0.6029839515686035,-0.07313647121191025,0.6785249710083008,0.7159561514854431,-0.08599935472011566,0.691146731376648,0.7291107773780823,-0.07769938558340073,0.7008829116821289,0.7028089165687561,-0.07154205441474915,0.0,0.0,0.0,0.0,0.0,0.0,0.0,0.0,0.0,0.0,0.0,0.0,0.0,0.0,0.0,0.0,0.0,0.0,0.0,0.0,0.0,0.0,0.0,0.0,0.0,0.0,0.0,0.0,0.0,0.0,0.0,0.0,0.0,0.0,0.0,0.0,0.0,0.0,0.0,0.0,0.0,0.0,0.0,0.0,0.0,0.0,0.0,0.0,0.0,0.0,0.0,0.0,0.0,0.0,0.0,0.0,0.0,0.0,0.0,0.0,0.0,0.0,0.0
1783390798.638985,0.7500653862953186,0.6444807052612305,-2.556546405685367e-07,0.690180242061615,0.6534377336502075,-0.006736272014677525,0.6412043571472168,0.6756465435028076,-0.025544747710227966,0.6119383573532104,0.7231302857398987,-0.04440436139702797,0.6163673996925354,0.7455057501792908,-0.06387641280889511,0.6143126487731934,0.5696865916252136,-0.03644790127873421,0.565885603427887,0.6456828117370605,-0.06745007634162903,0.536960244178772,0.695643961429596,-0.08843942731618881,0.5114389657974243,0.7294592261314392,-0.1034931167960167,0.6434342265129089,0.5626936554908752,-0.047737691551446915,0.6023350954055786,0.6867275238037109,-0.07670337706804276,0.628894567489624,0.712225079536438,-0.07949145883321762,0.6453004479408264,0.6940980553627014,-0.08036709576845169,0.6757521033287048,0.5781837701797485,-0.05998368188738823,0.643423318862915,0.7102193832397461,-0.08247049152851105,0.6658796668052673,0.7228264212608337,-0.07110072672367096,0.6772666573524475,0.6914739608764648,-0.06204694136977196,0.7062596678733826,0.6040613055229187,-0.07329001277685165,0.6772922873497009,0.713927149772644,-0.08590907603502274,0.6909108757972717,0.7314831018447876,-0.07709211856126785,0.7006232738494873,0.709820568561554,-0.0703044906258583,0.0,0.0,0.0,0.0,0.0,0.0,0.0,0.0,0.0,0.0,0.0,0.0,0.0,0.0,0.0,0.0,0.0,0.0,0.0,0.0,0.0,0.0,0.0,0.0,0.0,0.0,0.0,0.0,0.0,0.0,0.0,0.0,0.0,0.0,0.0,0.0,0.0,0.0,0.0,0.0,0.0,0.0,0.0,0.0,0.0,0.0,0.0,0.0,0.0,0.0,0.0,0.0,0.0,0.0,0.0,0.0,0.0,0.0,0.0,0.0,0.0,0.0,0.0
1783390798.81702,0.7489020228385925,0.6550466418266296,-2.6248014250995766e-07,0.6928156614303589,0.6669164896011353,-0.007803997024893761,0.6461106538772583,0.6887632608413696,-0.025610346347093582,0.6177921295166016,0.7356057167053223,-0.04361054301261902,0.6228435039520264,0.7538570761680603,-0.061850301921367645,0.6152806878089905,0.5823596715927124,-0.03329666331410408,0.5689190030097961,0.6499125361442566,-0.06351759284734726,0.5394548773765564,0.6966071128845215,-0.08361754566431046,0.5138954520225525,0.7270738482475281,-0.09798228740692139,0.6434683203697205,0.5704659819602966,-0.043579380959272385,0.6060028672218323,0.6944312453269958,-0.07210728526115417,0.6324748992919922,0.7212026715278625,-0.07485301047563553,0.6494768857955933,0.7029154300689697,-0.07521341741085052,0.6759365200996399,0.5816221237182617,-0.055168185383081436,0.6483782529830933,0.7182807922363281,-0.07707636058330536,0.6713624596595764,0.7320865392684937,-0.06564535200595856,0.6828489899635315,0.7009980082511902,-0.05621234327554703,0.707432746887207,0.6034091114997864,-0.06816086173057556,0.6827245354652405,0.7153300642967224,-0.08058417588472366,0.6970251202583313,0.7337508797645569,-0.07206552475690842,0.7065316438674927,0.7119751572608948,-0.06500249356031418,0.0,0.0,0.0,0.0,0.0,0.0,0.0,0.0,0.0,0.0,0.0,0.0,0.0,0.0,0.0,0.0,0.0,0.0,0.0,0.0,0.0,0.0,0.0,0.0,0.0,0.0,0.0,0.0,0.0,0.0,0.0,0.0,0.0,0.0,0.0,0.0,0.0,0.0,0.0,0.0,0.0,0.0,0.0,0.0,0.0,0.0,0.0,0.0,0.0,0.0,0.0,0.0,0.0,0.0,0.0,0.0,0.0,0.0,0.0,0.0,0.0,0.0,0.0
1783390798.9572968,0.7503591179847717,0.663645327091217,-2.5779792167668347e-07,0.695523738861084,0.681423008441925,-0.010052449069917202,0.6504390239715576,0.704704999923706,-0.028848888352513313,0.6212102770805359,0.7450867295265198,-0.04781118035316467,0.627271294593811,0.7526801228523254,-0.06693198531866074,0.6202501058578491,0.5890711545944214,-0.0329485647380352,0.5737804174423218,0.651938796043396,-0.06180804222822189,0.5426008701324463,0.6946712136268616,-0.07987530529499054,0.5165016055107117,0.7215487957000732,-0.0927065908908844,0.6474573016166687,0.5742619633674622,-0.042613621801137924,0.6101583242416382,0.694728434085846,-0.07176854461431503,0.6358927488327026,0.7279506325721741,-0.07348936796188354,0.6543402075767517,0.7136157155036926,-0.07193522900342941,0.6795917749404907,0.5834444165229797,-0.053799379616975784,0.6538164019584656,0.7191992402076721,-0.07736468315124512,0.6753692626953125,0.7384321689605713,-0.0655248835682869,0.6876751184463501,0.7109102606773376,-0.05453110858798027,0.7113732099533081,0.6040796041488647,-0.0665442943572998,0.6869156360626221,0.7130088806152344,-0.07967152446508408,0.700654923915863,0.7355221509933472,-0.07033875584602356,0.7114967703819275,0.7176795601844788,-0.0618874691426754,0.0,0.0,0.0,0.0,0.0,0.0,0.0,0.0,0.0,0.0,0.0,0.0,0.0,0.0,0.0,0.0,0.0,0.0,0.0,0.0,0.0,0.0,0.0,0.0,0.0,0.0,0.0,0.0,0.0,0.0,0.0,0.0,0.0,0.0,0.0,0.0,0.0,0.0,0.0,0.0,0.0,0.0,0.0,0.0,0.0,0.0,0.0,0.0,0.0,0.0,0.0,0.0,0.0,0.0,0.0,0.0,0.0,0.0,0.0,0.0,0.0,0.0,0.0
1783390799.1157959,0.7492539286613464,0.6683076024055481,-2.660978566382255e-07,0.6972084641456604,0.6954876780509949,-0.012438122183084488,0.6539998650550842,0.7208614945411682,-0.03216281533241272,0.6234954595565796,0.7540238499641418,-0.051886606961488724,0.6271607875823975,0.7483969926834106,-0.07122716307640076,0.6194239258766174,0.5942437648773193,-0.032564427703619,0.5738521218299866,0.653664767742157,-0.06375794857740402,0.5437038540840149,0.6950322389602661,-0.08338301628828049,0.5178255438804626,0.7205495834350586,-0.09670760482549667,0.6461425423622131,0.576617419719696,-0.04141521081328392,0.6100564002990723,0.6928934454917908,-0.07333273440599442,0.6383926868438721,0.7306532263755798,-0.07547067850828171,0.65757155418396,0.7184509038925171,-0.07294993102550507,0.677753746509552,0.5827456712722778,-0.0524720624089241,0.6527902483940125,0.714897096157074,-0.07875014841556549,0.6762358546257019,0.7396486401557922,-0.06638320535421371,0.6892321109771729,0.7155370712280273,-0.05389796942472458,0.7097664475440979,0.6023035049438477,-0.06536226719617844,0.686790406703949,0.7084192037582397,-0.08006617426872253,0.7013960480690002,0.7358136773109436,-0.0704890787601471,0.712379515171051,0.7210255861282349,-0.06104220077395439,0.0,0.0,0.0,0.0,0.0,0.0,0.0,0.0,0.0,0.0,0.0,0.0,0.0,0.0,0.0,0.0,0.0,0.0,0.0,0.0,0.0,0.0,0.0,0.0,0.0,0.0,0.0,0.0,0.0,0.0,0.0,0.0,0.0,0.0,0.0,0.0,0.0,0.0,0.0,0.0,0.0,0.0,0.0,0.0,0.0,0.0,0.0,0.0,0.0,0.0,0.0,0.0,0.0,0.0,0.0,0.0,0.0,0.0,0.0,0.0,0.0,0.0,0.0
1783390799.281984,0.7467440962791443,0.6810687780380249,-2.68910582690296e-07,0.6944974064826965,0.7146101593971252,-0.012910177931189537,0.6511362791061401,0.7380861043930054,-0.03197287768125534,0.6218164563179016,0.7645158767700195,-0.05109906196594238,0.6262760162353516,0.7554537653923035,-0.06952296197414398,0.6158837080001831,0.6050063967704773,-0.029413554817438126,0.5708485245704651,0.6652176976203918,-0.06105189025402069,0.5413200259208679,0.7082168459892273,-0.08102913945913315,0.5148711800575256,0.7345871329307556,-0.09456007182598114,0.641651451587677,0.5847747325897217,-0.03821321576833725,0.6062846183776855,0.6980527639389038,-0.06991139054298401,0.6365890502929688,0.7365409135818481,-0.07228130847215652,0.6560449600219727,0.7236828804016113,-0.06974377483129501,0.6731790900230408,0.5892888903617859,-0.04965762794017792,0.6496689319610596,0.7209838032722473,-0.07577028125524521,0.674716591835022,0.7470691204071045,-0.06302172690629959,0.6874469518661499,0.7216082811355591,-0.050219643861055374,0.7054932117462158,0.6093587279319763,-0.06315961480140686,0.6840612888336182,0.7148017883300781,-0.0779428482055664,0.6997656226158142,0.7421995997428894,-0.06818647682666779,0.7107242345809937,0.726109504699707,-0.05845673382282257,0.0,0.0,0.0,0.0,0.0,0.0,0.0,0.0,0.0,0.0,0.0,0.0,0.0,0.0,0.0,0.0,0.0,0.0,0.0,0.0,0.0,0.0,0.0,0.0,0.0,0.0,0.0,0.0,0.0,0.0,0.0,0.0,0.0,0.0,0.0,0.0,0.0,0.0,0.0,0.0,0.0,0.0,0.0,0.0,0.0,0.0,0.0,0.0,0.0,0.0,0.0,0.0,0.0,0.0,0.0,0.0,0.0,0.0,0.0,0.0,0.0,0.0,0.0
1783390799.447861,0.7449936270713806,0.6809712648391724,-2.571290167452389e-07,0.6923853158950806,0.715347409248352,-0.012991797178983688,0.6499399542808533,0.7401099801063538,-0.03360363095998764,0.6203945875167847,0.7657181024551392,-0.05438176542520523,0.6252612471580505,0.7551913261413574,-0.0745651051402092,0.6142439246177673,0.6057034730911255,-0.03191719204187393,0.5702641606330872,0.6655427813529968,-0.06467388570308685,0.54153972864151,0.706405520439148,-0.0847189873456955,0.5158132314682007,0.731758177280426,-0.09799830615520477,0.6408677697181702,0.5840692520141602,-0.040993303060531616,0.6055033802986145,0.6997299194335938,-0.07308055460453033,0.6368321180343628,0.7378726601600647,-0.07369673252105713,0.6554383039474487,0.7228245735168457,-0.06966781616210938,0.6727494597434998,0.5875842571258545,-0.052751656621694565,0.6492683291435242,0.7210432887077332,-0.07892386615276337,0.674291729927063,0.7461159825325012,-0.06434302777051926,0.686306893825531,0.7193271517753601,-0.05021004006266594,0.705144464969635,0.606752872467041,-0.06662242859601974,0.6838032603263855,0.7137418389320374,-0.08111168444156647,0.699712336063385,0.7401245832443237,-0.07030722498893738,0.7105110287666321,0.7227357029914856,-0.059728726744651794,0.0,0.0,0.0,0.0,0.0,0.0,0.0,0.0,0.0,0.0,0.0,0.0,0.0,0.0,0.0,0.0,0.0,0.0,0.0,0.0,0.0,0.0,0.0,0.0,0.0,0.0,0.0,0.0,0.0,0.0,0.0,0.0,0.0,0.0,0.0,0.0,0.0,0.0,0.0,0.0,0.0,0.0,0.0,0.0,0.0,0.0,0.0,0.0,0.0,0.0,0.0,0.0,0.0,0.0,0.0,0.0,0.0,0.0,0.0,0.0,0.0,0.0,0.0
1783390799.5951,0.7460082173347473,0.6754968166351318,-2.8562797638187476e-07,0.6948409080505371,0.7091891765594482,-0.012212200090289116,0.6529490947723389,0.7348715662956238,-0.031064068898558617,0.6234983801841736,0.7640458941459656,-0.05014815181493759,0.6238982081413269,0.7554963231086731,-0.06852873414754868,0.6153998374938965,0.605491578578949,-0.02958601899445057,0.5713327527046204,0.6647063493728638,-0.06163828447461128,0.5428184270858765,0.7062538266181946,-0.08190342038869858,0.5171024203300476,0.7330339550971985,-0.09529869258403778,0.6409270763397217,0.5843321681022644,-0.03855472058057785,0.6069400310516357,0.7001858949661255,-0.07031736522912979,0.6369493007659912,0.7364460229873657,-0.07268400490283966,0.6556909084320068,0.7228208780288696,-0.07001397758722305,0.6722599267959595,0.5875080823898315,-0.05006453022360802,0.6516624689102173,0.7228615880012512,-0.07588201761245728,0.676401674747467,0.7467567324638367,-0.06299372017383575,0.6878836154937744,0.7208410501480103,-0.05007394775748253,0.7045686841011047,0.6056612133979797,-0.06362807005643845,0.6855477690696716,0.713559091091156,-0.07797659188508987,0.7016990184783936,0.7397254705429077,-0.06794295459985733,0.7119275331497192,0.7233056426048279,-0.05789947137236595,0.0,0.0,0.0,0.0,0.0,0.0,0.0,0.0,0.0,0.0,0.0,0.0,0.0,0.0,0.0,0.0,0.0,0.0,0.0,0.0,0.0,0.0,0.0,0.0,0.0,0.0,0.0,0.0,0.0,0.0,0.0,0.0,0.0,0.0,0.0,0.0,0.0,0.0,0.0,0.0,0.0,0.0,0.0,0.0,0.0,0.0,0.0,0.0,0.0,0.0,0.0,0.0,0.0,0.0,0.0,0.0,0.0,0.0,0.0,0.0,0.0,0.0,0.0
1783390799.759684,0.7474837899208069,0.665344774723053,-2.698903358577809e-07,0.6938750743865967,0.6865223050117493,-0.006071316543966532,0.6488520503044128,0.7103758454322815,-0.022517956793308258,0.6191607713699341,0.7509066462516785,-0.03960034251213074,0.6203204393386841,0.7629243731498718,-0.05658131092786789,0.6149823665618896,0.6001237630844116,-0.027848171070218086,0.5693555474281311,0.6645328998565674,-0.05705643072724342,0.539563000202179,0.7065090537071228,-0.07607048749923706,0.5125330090522766,0.7332866787910461,-0.08960151672363281,0.6411378383636475,0.588059663772583,-0.038440026342868805,0.6042234897613525,0.7094060778617859,-0.06616586446762085,0.6342512965202332,0.7367775440216064,-0.06733691692352295,0.6519560813903809,0.7176349759101868,-0.06596774607896805,0.6721512675285339,0.5986672043800354,-0.05068458616733551,0.6452869772911072,0.7305614948272705,-0.07309845834970474,0.6699487566947937,0.7443344593048096,-0.06155489385128021,0.6815752387046814,0.7126335501670837,-0.05148731917142868,0.7027872204780579,0.6212730407714844,-0.06406203657388687,0.678105354309082,0.7297750115394592,-0.0772649496793747,0.6935919523239136,0.7499573230743408,-0.06897371262311935,0.7037953734397888,0.7298348546028137,-0.061590876430273056,0.0,0.0,0.0,0.0,0.0,0.0,0.0,0.0,0.0,0.0,0.0,0.0,0.0,0.0,0.0,0.0,0.0,0.0,0.0,0.0,0.0,0.0,0.0,0.0,0.0,0.0,0.0,0.0,0.0,0.0,0.0,0.0,0.0,0.0,0.0,0.0,0.0,0.0,0.0,0.0,0.0,0.0,0.0,0.0,0.0,0.0,0.0,0.0,0.0,0.0,0.0,0.0,0.0,0.0,0.0,0.0,0.0,0.0,0.0,0.0,0.0,0.0,0.0
1783390800.016955,0.7541773319244385,0.6481063365936279,-2.521564965718426e-07,0.6994844079017639,0.6548369526863098,-0.0013033380964770913,0.6499144434928894,0.6799923181533813,-0.015528751537203789,0.6189409494400024,0.7315464615821838,-0.030602585524320602,0.6148072481155396,0.7649192214012146,-0.04601733759045601,0.6204820275306702,0.5860624313354492,-0.02981037274003029,0.571031928062439,0.6532005667686462,-0.057122603058815,0.5404486060142517,0.693655788898468,-0.07541128247976303,0.5131151676177979,0.7212213277816772,-0.08902297168970108,0.6472746729850769,0.5850087404251099,-0.04262257739901543,0.6056342720985413,0.7108023166656494,-0.06864365190267563,0.6344122290611267,0.7268277406692505,-0.0700281485915184,0.6512185335159302,0.7011141777038574,-0.07017266005277634,0.677993655204773,0.6039462685585022,-0.055892519652843475,0.6457119584083557,0.7327902317047119,-0.07671482861042023,0.670147716999054,0.7367847561836243,-0.06548057496547699,0.6811310052871704,0.6993491649627686,-0.056872569024562836,0.7076302766799927,0.6301354765892029,-0.06956594437360764,0.6794812679290771,0.7345478534698486,-0.08174378424882889,0.6948267817497253,0.7439029812812805,-0.07303662598133087,0.7039086222648621,0.7163882851600647,-0.06638467311859131,0.0,0.0,0.0,0.0,0.0,0.0,0.0,0.0,0.0,0.0,0.0,0.0,0.0,0.0,0.0,0.0,0.0,0.0,0.0,0.0,0.0,0.0,0.0,0.0,0.0,0.0,0.0,0.0,0.0,0.0,0.0,0.0,0.0,0.0,0.0,0.0,0.0,0.0,0.0,0.0,0.0,0.0,0.0,0.0,0.0,0.0,0.0,0.0,0.0,0.0,0.0,0.0,0.0,0.0,0.0,0.0,0.0,0.0,0.0,0.0,0.0,0.0,0.0
1783390800.20678,0.7684429287910461,0.6326161026954651,-2.716727180995804e-07,0.7142282724380493,0.6284186244010925,0.0003988663083873689,0.6601076126098633,0.6549709439277649,-0.013794549740850925,0.6264681816101074,0.7140129804611206,-0.028956415131688118,0.6198490858078003,0.7546338438987732,-0.0451170839369297,0.6334313154220581,0.5712621212005615,-0.03365649655461311,0.5781406760215759,0.6425687670707703,-0.058321624994277954,0.5447779893875122,0.6864363551139832,-0.07348942011594772,0.5163251757621765,0.7120179533958435,-0.08561082929372787,0.6590991020202637,0.5791632533073425,-0.04745098203420639,0.6105194687843323,0.7064700126647949,-0.07348767668008804,0.6368204951286316,0.7326878309249878,-0.07337138801813126,0.6556541323661804,0.711042582988739,-0.07253090292215347,0.6893288493156433,0.604581892490387,-0.060732144862413406,0.6508652567863464,0.7340165376663208,-0.08137623220682144,0.673843264579773,0.7447234988212585,-0.06860780715942383,0.6872707605361938,0.7072989344596863,-0.05918493866920471,0.7181066274642944,0.6341668367385864,-0.074056476354599,0.6842039227485657,0.7401524782180786,-0.08677395433187485,0.6980893015861511,0.7515673041343689,-0.07764000445604324,0.7089399695396423,0.7213746309280396,-0.07084209471940994,0.0,0.0,0.0,0.0,0.0,0.0,0.0,0.0,0.0,0.0,0.0,0.0,0.0,0.0,0.0,0.0,0.0,0.0,0.0,0.0,0.0,0.0,0.0,0.0,0.0,0.0,0.0,0.0,0.0,0.0,0.0,0.0,0.0,0.0,0.0,0.0,0.0,0.0,0.0,0.0,0.0,0.0,0.0,0.0,0.0,0.0,0.0,0.0,0.0,0.0,0.0,0.0,0.0,0.0,0.0,0.0,0.0,0.0,0.0,0.0,0.0,0.0,0.0
1783390800.347837,0.7702412605285645,0.6346069574356079,-2.093764379651475e-07,0.7163708209991455,0.6226269602775574,0.0018781383987516165,0.6614745855331421,0.649708092212677,-0.012552282772958279,0.6266870498657227,0.7088698744773865,-0.028041638433933258,0.6180198192596436,0.7540646195411682,-0.04506697505712509,0.6359093189239502,0.5654162168502808,-0.0353882797062397,0.5763225555419922,0.6358639001846313,-0.05934622138738632,0.5395189523696899,0.6781609058380127,-0.07323241233825684,0.5094599723815918,0.7044272422790527,-0.08417639136314392,0.6610785722732544,0.5772147178649902,-0.049052685499191284,0.6086385250091553,0.7063512206077576,-0.07483799010515213,0.634930431842804,0.7264613509178162,-0.07457005977630615,0.6536109447479248,0.7019933462142944,-0.07357810437679291,0.6888766288757324,0.6068350076675415,-0.06153140217065811,0.6466941237449646,0.7371614575386047,-0.0825619101524353,0.670112133026123,0.7414349913597107,-0.07010983675718307,0.6845741868019104,0.7040631771087646,-0.060824036598205566,0.7141416668891907,0.64128577709198,-0.0736788660287857,0.680637776851654,0.7464316487312317,-0.08768060058355331,0.6962554454803467,0.7529553174972534,-0.07914000749588013,0.7086261510848999,0.7227283716201782,-0.07239289581775665,0.0,0.0,0.0,0.0,0.0,0.0,0.0,0.0,0.0,0.0,0.0,0.0,0.0,0.0,0.0,0.0,0.0,0.0,0.0,0.0,0.0,0.0,0.0,0.0,0.0,0.0,0.0,0.0,0.0,0.0,0.0,0.0,0.0,0.0,0.0,0.0,0.0,0.0,0.0,0.0,0.0,0.0,0.0,0.0,0.0,0.0,0.0,0.0,0.0,0.0,0.0,0.0,0.0,0.0,0.0,0.0,0.0,0.0,0.0,0.0,0.0,0.0,0.0
1783390800.474922,0.7702119946479797,0.6292680501937866,-2.2888563933065598e-07,0.7167096734046936,0.6162148118019104,0.001202438143081963,0.6595888733863831,0.6360732316970825,-0.010975833050906658,0.6209733486175537,0.6899967193603516,-0.024337422102689743,0.6059428453445435,0.7374980449676514,-0.03876581788063049,0.6330403685569763,0.5547430515289307,-0.02856009639799595,0.572684109210968,0.622745156288147,-0.050410568714141846,0.5349116921424866,0.662205159664154,-0.0635387971997261,0.5034655332565308,0.6878395676612854,-0.0741741955280304,0.6559955477714539,0.567206621170044,-0.0412924587726593,0.6026935577392578,0.6922897696495056,-0.06645791232585907,0.6299414038658142,0.7107024192810059,-0.06753310561180115,0.6496891975402832,0.6865149736404419,-0.06680970638990402,0.6825443506240845,0.5974528789520264,-0.053154438734054565,0.6391962766647339,0.7250396609306335,-0.07421265542507172,0.6635634899139404,0.7299591302871704,-0.06317106634378433,0.6785591244697571,0.6938811540603638,-0.05414484813809395,0.7075408101081848,0.6348448991775513,-0.06476165354251862,0.6718838810920715,0.7390422224998474,-0.07906773686408997,0.688606321811676,0.743634819984436,-0.07149641960859299,0.7018611431121826,0.7120082974433899,-0.06486493349075317,0.0,0.0,0.0,0.0,0.0,0.0,0.0,0.0,0.0,0.0,0.0,0.0,0.0,0.0,0.0,0.0,0.0,0.0,0.0,0.0,0.0,0.0,0.0,0.0,0.0,0.0,0.0,0.0,0.0,0.0,0.0,0.0,0.0,0.0,0.0,0.0,0.0,0.0,0.0,0.0,0.0,0.0,0.0,0.0,0.0,0.0,0.0,0.0,0.0,0.0,0.0,0.0,0.0,0.0,0.0,0.0,0.0,0.0,0.0,0.0,0.0,0.0,0.0
1783390800.6213472,0.7692665457725525,0.6259196996688843,-2.361196180800107e-07,0.7165481448173523,0.6084736585617065,0.00170291552785784,0.6575446128845215,0.6254728436470032,-0.009553950279951096,0.617277204990387,0.6789502501487732,-0.02211911976337433,0.6019126176834106,0.726299524307251,-0.03576129302382469,0.6305890083312988,0.5441144108772278,-0.02606402151286602,0.5692766308784485,0.6078665852546692,-0.04676082357764244,0.5316228270530701,0.6458793878555298,-0.05862317234277725,0.5006190538406372,0.6711020469665527,-0.06834273040294647,0.6520856618881226,0.5574883818626404,-0.03890153765678406,0.5961912870407104,0.6812102794647217,-0.06344287842512131,0.623224139213562,0.6984139084815979,-0.06423313170671463,0.6431936025619507,0.6743834018707275,-0.0630272850394249,0.6777746677398682,0.5889137387275696,-0.05087830126285553,0.6332226991653442,0.7150651812553406,-0.0716342180967331,0.6575174331665039,0.7183683514595032,-0.06079281121492386,0.671720027923584,0.6830185651779175,-0.05172516778111458,0.7024625539779663,0.6277634501457214,-0.06254628300666809,0.6661862730979919,0.7309907078742981,-0.0765058696269989,0.6829902529716492,0.7332330346107483,-0.06900379061698914,0.6958853602409363,0.7014997601509094,-0.06239242106676102,0.0,0.0,0.0,0.0,0.0,0.0,0.0,0.0,0.0,0.0,0.0,0.0,0.0,0.0,0.0,0.0,0.0,0.0,0.0,0.0,0.0,0.0,0.0,0.0,0.0,0.0,0.0,0.0,0.0,0.0,0.0,0.0,0.0,0.0,0.0,0.0,0.0,0.0,0.0,0.0,0.0,0.0,0.0,0.0,0.0,0.0,0.0,0.0,0.0,0.0,0.0,0.0,0.0,0.0,0.0,0.0,0.0,0.0,0.0,0.0,0.0,0.0,0.0
1783390800.78221,0.7616643309593201,0.6038289070129395,-2.617711345465068e-07,0.7111892104148865,0.5767321586608887,0.00397435761988163,0.6529369950294495,0.5919237732887268,-0.0061925859190523624,0.6100703477859497,0.6419534087181091,-0.017485253512859344,0.5875550508499146,0.6844627857208252,-0.030221011489629745,0.6274425387382507,0.5114418864250183,-0.030194416642189026,0.561353325843811,0.5627691745758057,-0.052396804094314575,0.52315354347229,0.5982648134231567,-0.06526835262775421,0.4912603199481964,0.6209567189216614,-0.07535675913095474,0.6475120782852173,0.5280869603157043,-0.0435560867190361,0.5836375951766968,0.644477367401123,-0.06721694767475128,0.6064158082008362,0.6742426753044128,-0.06672622263431549,0.6271412968635559,0.6572274565696716,-0.06516239047050476,0.6716770529747009,0.5643435120582581,-0.05576518923044205,0.6213539838790894,0.6846551895141602,-0.0741833969950676,0.6439946293830872,0.69617760181427,-0.06218794733285904,0.6603929996490479,0.6639122366905212,-0.05326486751437187,0.6947572827339172,0.6069091558456421,-0.06757869571447372,0.6560415625572205,0.7065489292144775,-0.08098174631595612,0.6707906126976013,0.714371383190155,-0.07379140704870224,0.6836957931518555,0.68474280834198,-0.06753221154212952,0.0,0.0,0.0,0.0,0.0,0.0,0.0,0.0,0.0,0.0,0.0,0.0,0.0,0.0,0.0,0.0,0.0,0.0,0.0,0.0,0.0,0.0,0.0,0.0,0.0,0.0,0.0,0.0,0.0,0.0,0.0,0.0,0.0,0.0,0.0,0.0,0.0,0.0,0.0,0.0,0.0,0.0,0.0,0.0,0.0,0.0,0.0,0.0,0.0,0.0,0.0,0.0,0.0,0.0,0.0,0.0,0.0,0.0,0.0,0.0,0.0,0.0,0.0
1783390800.9487941,0.7622904181480408,0.5893115997314453,-2.3154225914367998e-07,0.7142382264137268,0.5497170090675354,0.006195319350808859,0.6524055600166321,0.5565178394317627,-0.0017562985885888338,0.6082213521003723,0.6014570593833923,-0.011068829335272312,0.5803556442260742,0.6422694325447083,-0.02234646864235401,0.6278316974639893,0.49253925681114197,-0.028427153825759888,0.5589029788970947,0.5325860977172852,-0.049302056431770325,0.5176821351051331,0.5574182868003845,-0.061391547322273254,0.48248404264450073,0.5749791264533997,-0.07103219628334045,0.6445719003677368,0.5187318325042725,-0.04186809062957764,0.5731446146965027,0.6249346733093262,-0.06381511688232422,0.5977843999862671,0.647522509098053,-0.062215257436037064,0.6203968524932861,0.6276751756668091,-0.05979679524898529,0.6655078530311584,0.5637161135673523,-0.05368897691369057,0.6064004898071289,0.6678963303565979,-0.0715002566576004,0.6299111843109131,0.6753091216087341,-0.058614328503608704,0.6489483118057251,0.6451577544212341,-0.04873746633529663,0.6855290532112122,0.6143322587013245,-0.06471090018749237,0.6394815444946289,0.6960878372192383,-0.07877025008201599,0.6548268795013428,0.6984263062477112,-0.07115117460489273,0.6706202030181885,0.6722217202186584,-0.06402590125799179,0.0,0.0,0.0,0.0,0.0,0.0,0.0,0.0,0.0,0.0,0.0,0.0,0.0,0.0,0.0,0.0,0.0,0.0,0.0,0.0,0.0,0.0,0.0,0.0,0.0,0.0,0.0,0.0,0.0,0.0,0.0,0.0,0.0,0.0,0.0,0.0,0.0,0.0,0.0,0.0,0.0,0.0,0.0,0.0,0.0,0.0,0.0,0.0,0.0,0.0,0.0,0.0,0.0,0.0,0.0,0.0,0.0,0.0,0.0,0.0,0.0,0.0,0.0
1783390801.112648,0.7690754532814026,0.5953551530838013,-2.602874360491114e-07,0.724452793598175,0.5364431738853455,0.014712538570165634,0.6665229201316833,0.5310662388801575,0.010536513291299343,0.6239383816719055,0.562951922416687,0.004916294477880001,0.5958958268165588,0.6091010570526123,-0.0032595146913081408,0.6360293626785278,0.4809156656265259,-0.029875120148062706,0.5614317655563354,0.5089499354362488,-0.049463339149951935,0.5193225741386414,0.5253368020057678,-0.06144421920180321,0.48310109972953796,0.537909746170044,-0.07055678218603134,0.6496437788009644,0.5155298113822937,-0.04494928941130638,0.572193443775177,0.6011030077934265,-0.059462565928697586,0.5963471531867981,0.622247576713562,-0.053151633590459824,0.6201037764549255,0.6052932143211365,-0.049343954771757126,0.6667390465736389,0.5675936937332153,-0.0571390725672245,0.5987109541893005,0.6522091031074524,-0.06797805428504944,0.6231212019920349,0.6598589420318604,-0.05199124291539192,0.6443141102790833,0.63249671459198,-0.042183633893728256,0.6843994855880737,0.6212087869644165,-0.06754597276449203,0.6316492557525635,0.6886122226715088,-0.07580503821372986,0.6493327617645264,0.6911876797676086,-0.06409294158220291,0.6671877503395081,0.668515145778656,-0.05537376552820206,0.0,0.0,0.0,0.0,0.0,0.0,0.0,0.0,0.0,0.0,0.0,0.0,0.0,0.0,0.0,0.0,0.0,0.0,0.0,0.0,0.0,0.0,0.0,0.0,0.0,0.0,0.0,0.0,0.0,0.0,0.0,0.0,0.0,0.0,0.0,0.0,0.0,0.0,0.0,0.0,0.0,0.0,0.0,0.0,0.0,0.0,0.0,0.0,0.0,0.0,0.0,0.0,0.0,0.0,0.0,0.0,0.0,0.0,0.0,0.0,0.0,0.0,0.0
1783390801.251659,0.7731755971908569,0.6007831692695618,-3.700472177570191e-07,0.72603839635849,0.5304477214813232,0.036369238048791885,0.6743777990341187,0.5181953310966492,0.03945241868495941,0.6368221044540405,0.5296136140823364,0.03929921239614487,0.6089267134666443,0.5611082315444946,0.03596709668636322,0.6396602392196655,0.47807347774505615,-0.028086263686418533,0.5654430985450745,0.4960172176361084,-0.050168488174676895,0.5233350992202759,0.5039582252502441,-0.06530524790287018,0.4875439703464508,0.5111383199691772,-0.07504051178693771,0.6514489650726318,0.5158164501190186,-0.04774601384997368,0.5707402229309082,0.5894226431846619,-0.0520135760307312,0.5920835137367249,0.6114782691001892,-0.034852948039770126,0.6149714589118958,0.60102379322052,-0.026470666751265526,0.6653488278388977,0.5727475881576538,-0.06273841112852097,0.5933821201324463,0.6430801153182983,-0.06396213173866272,0.6159662008285522,0.6503542065620422,-0.041837457567453384,0.6388775706291199,0.6289951801300049,-0.030550334602594376,0.6808046698570251,0.6270217895507812,-0.07354956865310669,0.6248135566711426,0.6816474199295044,-0.0711124837398529,0.6400465369224548,0.6841071248054504,-0.05261277034878731,0.6593343019485474,0.6678526997566223,-0.04137882590293884,0.0,0.0,0.0,0.0,0.0,0.0,0.0,0.0,0.0,0.0,0.0,0.0,0.0,0.0,0.0,0.0,0.0,0.0,0.0,0.0,0.0,0.0,0.0,0.0,0.0,0.0,0.0,0.0,0.0,0.0,0.0,0.0,0.0,0.0,0.0,0.0,0.0,0.0,0.0,0.0,0.0,0.0,0.0,0.0,0.0,0.0,0.0,0.0,0.0,0.0,0.0,0.0,0.0,0.0,0.0,0.0,0.0,0.0,0.0,0.0,0.0,0.0,0.0
1783390801.403668,0.7726969718933105,0.6053000688552856,-2.4217888494604267e-07,0.7267956137657166,0.5392347574234009,0.025070516392588615,0.6709244847297668,0.5218338370323181,0.02779778465628624,0.6303837895393372,0.5359837412834167,0.027950285002589226,0.602260947227478,0.5716204047203064,0.025312727317214012,0.636876106262207,0.487702876329422,-0.020134152844548225,0.5616540908813477,0.5023541450500488,-0.035665128380060196,0.5214383602142334,0.5079420208930969,-0.04580918326973915,0.48644042015075684,0.5126520395278931,-0.053185056895017624,0.6444942355155945,0.5345078110694885,-0.03632960468530655,0.5669182538986206,0.5985986590385437,-0.04333890974521637,0.5874502062797546,0.6128326654434204,-0.03412195295095444,0.6100034117698669,0.6020667552947998,-0.029638061299920082,0.6565839648246765,0.5939688086509705,-0.04862356185913086,0.5881143808364868,0.6515924334526062,-0.052417948842048645,0.6105315685272217,0.6562552452087402,-0.03504497557878494,0.6324833035469055,0.63907390832901,-0.025361299514770508,0.6714227795600891,0.6522798538208008,-0.05826998129487038,0.6181973814964294,0.6915018558502197,-0.059875085949897766,0.634466290473938,0.6911606192588806,-0.045421477407217026,0.6520634293556213,0.6778497695922852,-0.03540879487991333,0.0,0.0,0.0,0.0,0.0,0.0,0.0,0.0,0.0,0.0,0.0,0.0,0.0,0.0,0.0,0.0,0.0,0.0,0.0,0.0,0.0,0.0,0.0,0.0,0.0,0.0,0.0,0.0,0.0,0.0,0.0,0.0,0.0,0.0,0.0,0.0,0.0,0.0,0.0,0.0,0.0,0.0,0.0,0.0,0.0,0.0,0.0,0.0,0.0,0.0,0.0,0.0,0.0,0.0,0.0,0.0,0.0,0.0,0.0,0.0,0.0,0.0,0.0
1783390801.575423,0.775242805480957,0.6165652871131897,-3.087563982262509e-07,0.7303971648216248,0.5450836420059204,0.035762637853622437,0.6762546300888062,0.5269506573677063,0.04297390952706337,0.6367287039756775,0.5361821055412292,0.046487998217344284,0.6101632714271545,0.5694859027862549,0.04693472757935524,0.6403810381889343,0.4905930161476135,-0.01661209762096405,0.5651765465736389,0.5006154775619507,-0.03272053971886635,0.5245680809020996,0.5023044943809509,-0.04400894418358803,0.4895589053630829,0.5041396021842957,-0.05145667493343353,0.6462879180908203,0.5350590348243713,-0.034805864095687866,0.568525493144989,0.5912829041481018,-0.03755178302526474,0.5895358920097351,0.6061434149742126,-0.02357359603047371,0.6133559942245483,0.5981453657150269,-0.016344713047146797,0.6566654443740845,0.5947599411010742,-0.048209600150585175,0.5905331373214722,0.6456364393234253,-0.04747324436903,0.6128720045089722,0.6512007117271423,-0.027427326887845993,0.6349998116493225,0.6362061500549316,-0.01676901802420616,0.6691721081733704,0.6527799963951111,-0.057821422815322876,0.617700457572937,0.6854584217071533,-0.05404205992817879,0.6347594261169434,0.6876163482666016,-0.03634518384933472,0.6529889702796936,0.6779199242591858,-0.024972403421998024,0.0,0.0,0.0,0.0,0.0,0.0,0.0,0.0,0.0,0.0,0.0,0.0,0.0,0.0,0.0,0.0,0.0,0.0,0.0,0.0,0.0,0.0,0.0,0.0,0.0,0.0,0.0,0.0,0.0,0.0,0.0,0.0,0.0,0.0,0.0,0.0,0.0,0.0,0.0,0.0,0.0,0.0,0.0,0.0,0.0,0.0,0.0,0.0,0.0,0.0,0.0,0.0,0.0,0.0,0.0,0.0,0.0,0.0,0.0,0.0,0.0,0.0,0.0
1783390801.749229,0.7806316018104553,0.6231675744056702,-2.646377197379479e-07,0.7365119457244873,0.550800621509552,0.02840111032128334,0.6814613342285156,0.532835841178894,0.032045453786849976,0.6402357220649719,0.5495798587799072,0.032792553305625916,0.6131547689437866,0.5869398713111877,0.030558377504348755,0.6464340090751648,0.4978063702583313,-0.02068210206925869,0.5689324140548706,0.5094944834709167,-0.037988174706697464,0.5273064970970154,0.5134677886962891,-0.04943174868822098,0.4920087158679962,0.516277551651001,-0.05706244707107544,0.6527286767959595,0.5485438704490662,-0.03719642758369446,0.5735073089599609,0.5994619131088257,-0.043544743210077286,0.5934398770332336,0.6129549741744995,-0.03288163244724274,0.616368293762207,0.6047785878181458,-0.027209913358092308,0.6637771129608154,0.6099843978881836,-0.049381133168935776,0.5943475961685181,0.6559919118881226,-0.052325181663036346,0.616844892501831,0.6597276329994202,-0.03373526409268379,0.6394460797309875,0.6443798542022705,-0.02296346426010132,0.677875280380249,0.6692753434181213,-0.05843096226453781,0.6230124831199646,0.6992673277854919,-0.0578722320497036,0.6391395330429077,0.6985567212104797,-0.04114014655351639,0.6573398113250732,0.6874210238456726,-0.02956303581595421,0.0,0.0,0.0,0.0,0.0,0.0,0.0,0.0,0.0,0.0,0.0,0.0,0.0,0.0,0.0,0.0,0.0,0.0,0.0,0.0,0.0,0.0,0.0,0.0,0.0,0.0,0.0,0.0,0.0,0.0,0.0,0.0,0.0,0.0,0.0,0.0,0.0,0.0,0.0,0.0,0.0,0.0,0.0,0.0,0.0,0.0,0.0,0.0,0.0,0.0,0.0,0.0,0.0,0.0,0.0,0.0,0.0,0.0,0.0,0.0,0.0,0.0,0.0
1783390801.904255,0.7858180403709412,0.6354306936264038,-2.0877037343325355e-07,0.7414380311965942,0.563001811504364,0.02110467106103897,0.6823475956916809,0.5438791513442993,0.022619519382715225,0.6387602686882019,0.5626781582832336,0.02203977294266224,0.611404299736023,0.6025719046592712,0.018595486879348755,0.6508218050003052,0.5112456679344177,-0.022391486912965775,0.5722182393074036,0.5230640172958374,-0.03646140545606613,0.531029224395752,0.5305999517440796,-0.04338392615318298,0.49606022238731384,0.5364260673522949,-0.04820968210697174,0.6561251878738403,0.5645053386688232,-0.03732962906360626,0.5749908685684204,0.614865243434906,-0.04580492153763771,0.5943028926849365,0.6303570866584778,-0.035837262868881226,0.6180846691131592,0.6230430603027344,-0.029250869527459145,0.6674607396125793,0.6271183490753174,-0.04845390096306801,0.5978658199310303,0.6714731454849243,-0.05262378603219986,0.617786169052124,0.6757892966270447,-0.0342426523566246,0.6392741799354553,0.662826418876648,-0.022899795323610306,0.6825305223464966,0.6882442831993103,-0.05737999454140663,0.6276683807373047,0.7158844470977783,-0.057891350239515305,0.6417733430862427,0.7139075398445129,-0.042209457606077194,0.6594660878181458,0.7034741044044495,-0.031011851504445076,0.0,0.0,0.0,0.0,0.0,0.0,0.0,0.0,0.0,0.0,0.0,0.0,0.0,0.0,0.0,0.0,0.0,0.0,0.0,0.0,0.0,0.0,0.0,0.0,0.0,0.0,0.0,0.0,0.0,0.0,0.0,0.0,0.0,0.0,0.0,0.0,0.0,0.0,0.0,0.0,0.0,0.0,0.0,0.0,0.0,0.0,0.0,0.0,0.0,0.0,0.0,0.0,0.0,0.0,0.0,0.0,0.0,0.0,0.0,0.0,0.0,0.0,0.0
1783390802.041603,0.7854226231575012,0.631883978843689,-2.51786332228221e-07,0.7409684062004089,0.5583341121673584,0.03211318701505661,0.6843055486679077,0.5372514724731445,0.03733837231993675,0.639927089214325,0.549604594707489,0.039360228925943375,0.6109580397605896,0.5854467749595642,0.038368403911590576,0.6538304090499878,0.5053367018699646,-0.020296093076467514,0.573698878288269,0.5165696144104004,-0.03467893600463867,0.5321898460388184,0.5168702006340027,-0.04308570921421051,0.49737316370010376,0.5159333944320679,-0.04839526116847992,0.6592508554458618,0.5550976991653442,-0.03729824721813202,0.5754303336143494,0.6051339507102966,-0.041115500032901764,0.5935744047164917,0.6172724366188049,-0.02770290896296501,0.6173275113105774,0.609981894493103,-0.020138012245297432,0.6694315671920776,0.6146913170814514,-0.04924296215176582,0.5992147922515869,0.6575786471366882,-0.04863102361559868,0.6215117573738098,0.6604393720626831,-0.027985509485006332,0.6449607610702515,0.6462352275848389,-0.016330502927303314,0.6826528906822205,0.6717972159385681,-0.05773290619254112,0.6267861723899841,0.6976238489151001,-0.052457667887210846,0.6429421901702881,0.6975607872009277,-0.03341440483927727,0.6621840000152588,0.6876511573791504,-0.020928354933857918,0.0,0.0,0.0,0.0,0.0,0.0,0.0,0.0,0.0,0.0,0.0,0.0,0.0,0.0,0.0,0.0,0.0,0.0,0.0,0.0,0.0,0.0,0.0,0.0,0.0,0.0,0.0,0.0,0.0,0.0,0.0,0.0,0.0,0.0,0.0,0.0,0.0,0.0,0.0,0.0,0.0,0.0,0.0,0.0,0.0,0.0,0.0,0.0,0.0,0.0,0.0,0.0,0.0,0.0,0.0,0.0,0.0,0.0,0.0,0.0,0.0,0.0,0.0
1783390802.214638,0.7835971117019653,0.6149893999099731,-3.5042279478147975e-07,0.7350082397460938,0.544215977191925,0.04287054017186165,0.6807979941368103,0.5316627025604248,0.0469328798353672,0.6390504837036133,0.5438604354858398,0.046930942684412,0.6079393029212952,0.5783670544624329,0.043379779905080795,0.6502271890640259,0.4908795952796936,-0.027376655489206314,0.5746945142745972,0.5063807964324951,-0.04485929384827614,0.5344172120094299,0.5113473534584045,-0.055874746292829514,0.49961766600608826,0.514907956123352,-0.06304772198200226,0.6615153551101685,0.5304626822471619,-0.04867052286863327,0.5777876973152161,0.5995579361915588,-0.04725886881351471,0.6006035208702087,0.619077205657959,-0.0264289453625679,0.6239336133003235,0.6083741784095764,-0.016810299828648567,0.6741323471069336,0.5872182250022888,-0.06403730064630508,0.6043344736099243,0.6510401964187622,-0.05792758986353874,0.6282001733779907,0.6564021706581116,-0.033049099147319794,0.6513429284095764,0.6372073292732239,-0.022278105840086937,0.6864675283432007,0.6410398483276367,-0.07475663721561432,0.6350172758102417,0.6877264380455017,-0.06475504487752914,0.6517579555511475,0.6895197629928589,-0.043578315526247025,0.6702138781547546,0.6761901378631592,-0.03237595409154892,0.0,0.0,0.0,0.0,0.0,0.0,0.0,0.0,0.0,0.0,0.0,0.0,0.0,0.0,0.0,0.0,0.0,0.0,0.0,0.0,0.0,0.0,0.0,0.0,0.0,0.0,0.0,0.0,0.0,0.0,0.0,0.0,0.0,0.0,0.0,0.0,0.0,0.0,0.0,0.0,0.0,0.0,0.0,0.0,0.0,0.0,0.0,0.0,0.0,0.0,0.0,0.0,0.0,0.0,0.0,0.0,0.0,0.0,0.0,0.0,0.0,0.0,0.0
1783390802.346405,0.7823668122291565,0.6033602952957153,-3.242400055114558e-07,0.7335067391395569,0.5416366457939148,0.02667924389243126,0.676058292388916,0.5352580547332764,0.027476785704493523,0.6353137493133545,0.5636798739433289,0.025684161111712456,0.6077150702476501,0.6079665422439575,0.02093832567334175,0.6428630352020264,0.4931235611438751,-0.026017777621746063,0.5702894330024719,0.5199882984161377,-0.04556708410382271,0.5295121073722839,0.5354833006858826,-0.05959738790988922,0.49403712153434753,0.5470382571220398,-0.07019618153572083,0.6590320467948914,0.5321625471115112,-0.044417303055524826,0.5768237113952637,0.6181576251983643,-0.0527472123503685,0.5968114733695984,0.6392713785171509,-0.04308145120739937,0.6180606484413147,0.6252956986427307,-0.03950262814760208,0.6767443418502808,0.5857369899749756,-0.05881158635020256,0.604527473449707,0.6632708311080933,-0.06151904538273811,0.6273928880691528,0.6694954633712769,-0.04200069606304169,0.6496396064758301,0.6453946828842163,-0.032443370670080185,0.69510418176651,0.6390431523323059,-0.07069903612136841,0.6390685439109802,0.6988810300827026,-0.07194209843873978,0.6531077027320862,0.7005940079689026,-0.05702776089310646,0.6710785031318665,0.6808539032936096,-0.047625117003917694,0.0,0.0,0.0,0.0,0.0,0.0,0.0,0.0,0.0,0.0,0.0,0.0,0.0,0.0,0.0,0.0,0.0,0.0,0.0,0.0,0.0,0.0,0.0,0.0,0.0,0.0,0.0,0.0,0.0,0.0,0.0,0.0,0.0,0.0,0.0,0.0,0.0,0.0,0.0,0.0,0.0,0.0,0.0,0.0,0.0,0.0,0.0,0.0,0.0,0.0,0.0,0.0,0.0,0.0,0.0,0.0,0.0,0.0,0.0,0.0,0.0,0.0,0.0
1783390802.510756,0.7831929922103882,0.6046743392944336,-3.3962228940254136e-07,0.7347783446311951,0.5439656972885132,0.017117610201239586,0.6773883700370789,0.5379923582077026,0.013230235315859318,0.6357946395874023,0.5681113600730896,0.006422134116292,0.6116790175437927,0.6125762462615967,-0.003284697886556387,0.6419965624809265,0.49472057819366455,-0.025141805410385132,0.5727229714393616,0.538453996181488,-0.045620255172252655,0.5327180624008179,0.5666422843933105,-0.0586819052696228,0.4981916844844818,0.5876609086990356,-0.06890509277582169,0.6599063277244568,0.5251404047012329,-0.04261751472949982,0.5835804343223572,0.6306585073471069,-0.05936449393630028,0.605178713798523,0.6558529734611511,-0.055515699088573456,0.6267566084861755,0.6393610835075378,-0.05356288701295853,0.6817162036895752,0.5713996887207031,-0.057333093136548996,0.6178011894226074,0.6732891798019409,-0.06982441246509552,0.6424689292907715,0.6797913908958435,-0.055092182010412216,0.6632587909698486,0.6478939056396484,-0.04604997858405113,0.7029927372932434,0.6192622184753418,-0.07039981335401535,0.6552736759185791,0.7018973231315613,-0.07996352016925812,0.6719144582748413,0.7035835385322571,-0.06982852518558502,0.6885931491851807,0.6739950776100159,-0.0622682124376297,0.0,0.0,0.0,0.0,0.0,0.0,0.0,0.0,0.0,0.0,0.0,0.0,0.0,0.0,0.0,0.0,0.0,0.0,0.0,0.0,0.0,0.0,0.0,0.0,0.0,0.0,0.0,0.0,0.0,0.0,0.0,0.0,0.0,0.0,0.0,0.0,0.0,0.0,0.0,0.0,0.0,0.0,0.0,0.0,0.0,0.0,0.0,0.0,0.0,0.0,0.0,0.0,0.0,0.0,0.0,0.0,0.0,0.0,0.0,0.0,0.0,0.0,0.0
1783390802.641852,0.7836065888404846,0.6026650667190552,-3.086284436903952e-07,0.7334349155426025,0.5551499128341675,0.012693548575043678,0.6708811521530151,0.5650538802146912,0.003629205981269479,0.6256882548332214,0.6181312799453735,-0.007541283965110779,0.5996977686882019,0.6740697622299194,-0.02121761441230774,0.6468042135238647,0.49549832940101624,-0.031436555087566376,0.576958954334259,0.5423039793968201,-0.0540451817214489,0.5366224050521851,0.5735793113708496,-0.06873220205307007,0.5018243193626404,0.5962309837341309,-0.08076762408018112,0.6670419573783875,0.522516131401062,-0.047985997051000595,0.5934228301048279,0.6252450346946716,-0.06808532774448395,0.6181594133377075,0.6497147083282471,-0.06602532416582108,0.6399373412132263,0.6317608952522278,-0.06577615439891815,0.6882131695747375,0.5670210123062134,-0.06192807853221893,0.6276349425315857,0.6720184683799744,-0.07602224498987198,0.6520974040031433,0.6792109608650208,-0.06105773523449898,0.6716946959495544,0.6473267674446106,-0.05270297825336456,0.7062810659408569,0.6142796874046326,-0.07452685385942459,0.6619434356689453,0.7009981274604797,-0.08464649319648743,0.6795768737792969,0.703921914100647,-0.07473962754011154,0.6954737901687622,0.6741743087768555,-0.06824824213981628,0.0,0.0,0.0,0.0,0.0,0.0,0.0,0.0,0.0,0.0,0.0,0.0,0.0,0.0,0.0,0.0,0.0,0.0,0.0,0.0,0.0,0.0,0.0,0.0,0.0,0.0,0.0,0.0,0.0,0.0,0.0,0.0,0.0,0.0,0.0,0.0,0.0,0.0,0.0,0.0,0.0,0.0,0.0,0.0,0.0,0.0,0.0,0.0,0.0,0.0,0.0,0.0,0.0,0.0,0.0,0.0,0.0,0.0,0.0,0.0,0.0,0.0,0.0
1783390802.780362,0.790144145488739,0.5939494967460632,-3.1702026603852573e-07,0.7385610342025757,0.5478513836860657,0.007113776169717312,0.6745110750198364,0.5513821840286255,-0.0035823285579681396,0.6275293827056885,0.5989502668380737,-0.01581721007823944,0.6084129810333252,0.6509688496589661,-0.03013949654996395,0.6548528671264648,0.4867168068885803,-0.0340350978076458,0.5839122533798218,0.5367370247840881,-0.05767063423991203,0.5436616539955139,0.5712140202522278,-0.0712733194231987,0.5106812715530396,0.5943920612335205,-0.08189524710178375,0.6771930456161499,0.5089742541313171,-0.04882517084479332,0.6065109372138977,0.6152288913726807,-0.07074151933193207,0.6300264000892639,0.6464593410491943,-0.06778649240732193,0.650482714176178,0.6311027407646179,-0.06602560728788376,0.7009890675544739,0.550089418888092,-0.06197744235396385,0.6413344740867615,0.6617878675460815,-0.07937286049127579,0.6654945611953735,0.6688497066497803,-0.06543981283903122,0.6847629547119141,0.6334086656570435,-0.0564461387693882,0.7214240431785583,0.5941983461380005,-0.07423829287290573,0.6736704111099243,0.6894792914390564,-0.08624045550823212,0.6902890801429749,0.6922114491462708,-0.07724452018737793,0.7074570655822754,0.6595556735992432,-0.07088694721460342,0.0,0.0,0.0,0.0,0.0,0.0,0.0,0.0,0.0,0.0,0.0,0.0,0.0,0.0,0.0,0.0,0.0,0.0,0.0,0.0,0.0,0.0,0.0,0.0,0.0,0.0,0.0,0.0,0.0,0.0,0.0,0.0,0.0,0.0,0.0,0.0,0.0,0.0,0.0,0.0,0.0,0.0,0.0,0.0,0.0,0.0,0.0,0.0,0.0,0.0,0.0,0.0,0.0,0.0,0.0,0.0,0.0,0.0,0.0,0.0,0.0,0.0,0.0
1783390802.913336,0.7972517013549805,0.5903173089027405,-3.0449703558588226e-07,0.7403873801231384,0.5576567649841309,0.00297098932787776,0.6789178252220154,0.5685608983039856,-0.01112552173435688,0.6359961628913879,0.6209054589271545,-0.0265196580439806,0.623774528503418,0.660621702671051,-0.04340536147356033,0.6619963645935059,0.47934406995773315,-0.03527212515473366,0.5942332744598389,0.5335238575935364,-0.06066503748297691,0.5557366013526917,0.5678933262825012,-0.07630720734596252,0.523368239402771,0.5875840783119202,-0.08884032070636749,0.6868126392364502,0.49540817737579346,-0.049854498356580734,0.6221802830696106,0.6072217226028442,-0.07487548887729645,0.6455141305923462,0.638181209564209,-0.07438439130783081,0.6649799942970276,0.6210103034973145,-0.07420389354228973,0.7139508128166199,0.532385528087616,-0.06345535069704056,0.6586249470710754,0.652213454246521,-0.08323361724615097,0.681073009967804,0.6632448434829712,-0.07026617228984833,0.6976754665374756,0.6262773871421814,-0.06148197129368782,0.7380639314651489,0.5739412307739258,-0.0766359344124794,0.6924077272415161,0.675038754940033,-0.08925984054803848,0.706542432308197,0.6831864714622498,-0.08037347346544266,0.7210929989814758,0.6508856415748596,-0.07418166846036911,0.0,0.0,0.0,0.0,0.0,0.0,0.0,0.0,0.0,0.0,0.0,0.0,0.0,0.0,0.0,0.0,0.0,0.0,0.0,0.0,0.0,0.0,0.0,0.0,0.0,0.0,0.0,0.0,0.0,0.0,0.0,0.0,0.0,0.0,0.0,0.0,0.0,0.0,0.0,0.0,0.0,0.0,0.0,0.0,0.0,0.0,0.0,0.0,0.0,0.0,0.0,0.0,0.0,0.0,0.0,0.0,0.0,0.0,0.0,0.0,0.0,0.0,0.0
1783390803.0625029,0.7986910343170166,0.5825886130332947,-2.8341764846118167e-07,0.7410734295845032,0.5554330945014954,0.0032888229470700026,0.6823210716247559,0.5679699778556824,-0.011516663245856762,0.6415804028511047,0.6197721362113953,-0.027684642001986504,0.6279861927032471,0.6572092771530151,-0.04530783370137215,0.6607973575592041,0.476232647895813,-0.03702027350664139,0.5946872234344482,0.5372375845909119,-0.06542563438415527,0.5565629601478577,0.5728107690811157,-0.08370303362607956,0.5261473655700684,0.5950862765312195,-0.0973573699593544,0.6880760192871094,0.4915510416030884,-0.051396168768405914,0.6250513792037964,0.6133929491043091,-0.07668676972389221,0.6490261554718018,0.6443042755126953,-0.07619529962539673,0.6681454181671143,0.625565767288208,-0.0764746442437172,0.7164050340652466,0.5269720554351807,-0.06499738991260529,0.662213146686554,0.6523591876029968,-0.08377633988857269,0.684354841709137,0.6643880605697632,-0.06962867826223373,0.7009685039520264,0.6280922889709473,-0.06059042736887932,0.7416757345199585,0.5670498609542847,-0.07840389758348465,0.6966197490692139,0.6692879796028137,-0.09025169163942337,0.7093322277069092,0.6792616844177246,-0.0805298238992691,0.7231255173683167,0.6487228274345398,-0.073753222823143,0.0,0.0,0.0,0.0,0.0,0.0,0.0,0.0,0.0,0.0,0.0,0.0,0.0,0.0,0.0,0.0,0.0,0.0,0.0,0.0,0.0,0.0,0.0,0.0,0.0,0.0,0.0,0.0,0.0,0.0,0.0,0.0,0.0,0.0,0.0,0.0,0.0,0.0,0.0,0.0,0.0,0.0,0.0,0.0,0.0,0.0,0.0,0.0,0.0,0.0,0.0,0.0,0.0,0.0,0.0,0.0,0.0,0.0,0.0,0.0,0.0,0.0,0.0
1783390803.215044,0.7978169322013855,0.5786247253417969,-2.8928164397257206e-07,0.7386695146560669,0.5535231232643127,0.0016618547961115837,0.6807215809822083,0.5661681294441223,-0.013860437087714672,0.6408190727233887,0.6151151657104492,-0.03060149773955345,0.6317048668861389,0.6512994766235352,-0.04873383790254593,0.6585988998413086,0.4760343134403229,-0.03653441369533539,0.596631646156311,0.5390354990959167,-0.06415193527936935,0.5605062246322632,0.5751485228538513,-0.08173425495624542,0.5310603380203247,0.5976210832595825,-0.09505104273557663,0.6866300106048584,0.4868623912334442,-0.050756942480802536,0.6283169984817505,0.6097244620323181,-0.07684623450040817,0.6523743271827698,0.6413806676864624,-0.07650142163038254,0.6707503199577332,0.6254649758338928,-0.07625921815633774,0.7168070673942566,0.5179587006568909,-0.06445921957492828,0.6673469543457031,0.6452105641365051,-0.08440595120191574,0.6894603371620178,0.6558614373207092,-0.07126980274915695,0.7049177289009094,0.6205690503120422,-0.062308646738529205,0.7443049550056458,0.553458571434021,-0.07806047797203064,0.701221764087677,0.6585136651992798,-0.09009762108325958,0.713779628276825,0.6676492094993591,-0.08077512681484222,0.7268024682998657,0.6376715302467346,-0.07419297099113464,0.0,0.0,0.0,0.0,0.0,0.0,0.0,0.0,0.0,0.0,0.0,0.0,0.0,0.0,0.0,0.0,0.0,0.0,0.0,0.0,0.0,0.0,0.0,0.0,0.0,0.0,0.0,0.0,0.0,0.0,0.0,0.0,0.0,0.0,0.0,0.0,0.0,0.0,0.0,0.0,0.0,0.0,0.0,0.0,0.0,0.0,0.0,0.0,0.0,0.0,0.0,0.0,0.0,0.0,0.0,0.0,0.0,0.0,0.0,0.0,0.0,0.0,0.0
1783390803.375189,0.7956454157829285,0.5663838982582092,-2.821294060595392e-07,0.7380614876747131,0.5403651595115662,0.0031514931470155716,0.6819826364517212,0.551891565322876,-0.01104731671512127,0.6445768475532532,0.6010473370552063,-0.026911025866866112,0.6350147128105164,0.6434754729270935,-0.044599518179893494,0.6578214168548584,0.46862930059432983,-0.0336853489279747,0.5975707769393921,0.5313946604728699,-0.05895644798874855,0.5613703727722168,0.5668119192123413,-0.07491101324558258,0.5327346920967102,0.5880488753318787,-0.08712153136730194,0.686342716217041,0.4762974679470062,-0.04844389855861664,0.6286980509757996,0.5973755717277527,-0.07255503535270691,0.6510942578315735,0.6312738060951233,-0.07174480706453323,0.6693115830421448,0.6180315613746643,-0.07103947550058365,0.7165480852127075,0.5042991042137146,-0.06258506327867508,0.667218804359436,0.631851315498352,-0.0803663581609726,0.688582718372345,0.6422086358070374,-0.06782723218202591,0.704609215259552,0.6082119345664978,-0.059511542320251465,0.7443386912345886,0.5377037525177002,-0.07661238312721252,0.7020727396011353,0.6427133679389954,-0.0872834101319313,0.7142547965049744,0.6511713862419128,-0.0782555416226387,0.7281349301338196,0.6221157312393188,-0.07196307927370071,0.0,0.0,0.0,0.0,0.0,0.0,0.0,0.0,0.0,0.0,0.0,0.0,0.0,0.0,0.0,0.0,0.0,0.0,0.0,0.0,0.0,0.0,0.0,0.0,0.0,0.0,0.0,0.0,0.0,0.0,0.0,0.0,0.0,0.0,0.0,0.0,0.0,0.0,0.0,0.0,0.0,0.0,0.0,0.0,0.0,0.0,0.0,0.0,0.0,0.0,0.0,0.0,0.0,0.0,0.0,0.0,0.0,0.0,0.0,0.0,0.0,0.0,0.0
1783390803.5170481,0.7932459712028503,0.561470091342926,-2.4234637407971604e-07,0.7343813180923462,0.5416446328163147,0.0008020467939786613,0.6781701445579529,0.5549352765083313,-0.014973682351410389,0.6420089602470398,0.604515552520752,-0.03158128634095192,0.6356433629989624,0.6451320648193359,-0.049727264791727066,0.6580218076705933,0.4665040671825409,-0.03870975971221924,0.5971471667289734,0.526767909526825,-0.06683100014925003,0.5613886713981628,0.5612980723381042,-0.08540454506874084,0.5320859551429749,0.58326655626297,-0.09946348518133163,0.6871864795684814,0.4738340675830841,-0.05203700438141823,0.6310846209526062,0.5958168506622314,-0.07761311531066895,0.6551117300987244,0.6252112984657288,-0.07706563919782639,0.6733883023262024,0.6079871654510498,-0.07689109444618225,0.7179218530654907,0.5029146075248718,-0.06481824070215225,0.6694987416267395,0.6282656192779541,-0.08389544486999512,0.6896216869354248,0.6411309242248535,-0.07001370191574097,0.7052834630012512,0.6083176136016846,-0.060548219829797745,0.7453752756118774,0.5377179980278015,-0.07763409614562988,0.702322781085968,0.6401583552360535,-0.08948612213134766,0.7127952575683594,0.6528396010398865,-0.07990618050098419,0.7252885103225708,0.6262151598930359,-0.07299652695655823,0.0,0.0,0.0,0.0,0.0,0.0,0.0,0.0,0.0,0.0,0.0,0.0,0.0,0.0,0.0,0.0,0.0,0.0,0.0,0.0,0.0,0.0,0.0,0.0,0.0,0.0,0.0,0.0,0.0,0.0,0.0,0.0,0.0,0.0,0.0,0.0,0.0,0.0,0.0,0.0,0.0,0.0,0.0,0.0,0.0,0.0,0.0,0.0,0.0,0.0,0.0,0.0,0.0,0.0,0.0,0.0,0.0,0.0,0.0,0.0,0.0,0.0,0.0
1783390803.684476,0.7916170954704285,0.5600996017456055,-2.7639828203973593e-07,0.7352369427680969,0.5406770706176758,0.003395602572709322,0.6805936694145203,0.5530763864517212,-0.011232394725084305,0.6435703039169312,0.5996646881103516,-0.02730903960764408,0.6332314610481262,0.6385878920555115,-0.04505542665719986,0.657895028591156,0.4669066369533539,-0.03785640746355057,0.5961123704910278,0.5263618230819702,-0.06606409698724747,0.5603258609771729,0.5620853304862976,-0.08422107249498367,0.5317593812942505,0.5853356122970581,-0.09764692932367325,0.685893714427948,0.47424954175949097,-0.05242658779025078,0.6287052035331726,0.5956928730010986,-0.07783174514770508,0.650507926940918,0.6311123967170715,-0.07670116424560547,0.6678736805915833,0.619132399559021,-0.07593680173158646,0.7161356210708618,0.502049446105957,-0.06625653803348541,0.6689648628234863,0.6278398633003235,-0.08441269397735596,0.68971186876297,0.6417285799980164,-0.06973206251859665,0.7061896324157715,0.6098676919937134,-0.059988509863615036,0.7435604929924011,0.5349359512329102,-0.08010926097631454,0.7036197781562805,0.6375168561935425,-0.09209416806697845,0.7141112685203552,0.6518771052360535,-0.08289496600627899,0.7262763977050781,0.6251965165138245,-0.07611540704965591,0.0,0.0,0.0,0.0,0.0,0.0,0.0,0.0,0.0,0.0,0.0,0.0,0.0,0.0,0.0,0.0,0.0,0.0,0.0,0.0,0.0,0.0,0.0,0.0,0.0,0.0,0.0,0.0,0.0,0.0,0.0,0.0,0.0,0.0,0.0,0.0,0.0,0.0,0.0,0.0,0.0,0.0,0.0,0.0,0.0,0.0,0.0,0.0,0.0,0.0,0.0,0.0,0.0,0.0,0.0,0.0,0.0,0.0,0.0,0.0,0.0,0.0,0.0
1783390803.850214,0.7907321453094482,0.5581726431846619,-2.7289934223517776e-07,0.7342962026596069,0.539537250995636,0.0016195952193811536,0.6797904968261719,0.5530766248703003,-0.013068151660263538,0.6431982517242432,0.6027461886405945,-0.028935786336660385,0.6336069703102112,0.6429964303970337,-0.04624903202056885,0.6562005877494812,0.4669737219810486,-0.03656860813498497,0.5955230593681335,0.5272551774978638,-0.06487444788217545,0.5602688193321228,0.5624597668647766,-0.08381541818380356,0.5315821170806885,0.5857946872711182,-0.09796936810016632,0.6841155886650085,0.47396352887153625,-0.05028913915157318,0.6292861104011536,0.5963373184204102,-0.07636230438947678,0.6531937718391418,0.6273951530456543,-0.07657597213983536,0.6713528633117676,0.612209141254425,-0.07653345912694931,0.7147279381752014,0.5010333061218262,-0.06351900845766068,0.6688940525054932,0.627570390701294,-0.08271121978759766,0.6898000836372375,0.6397804617881775,-0.06917417794466019,0.705471932888031,0.6064900755882263,-0.0598023347556591,0.7426326870918274,0.5333324670791626,-0.07687222957611084,0.7034005522727966,0.6368152499198914,-0.08975338935852051,0.7141944169998169,0.6497714519500732,-0.08117149770259857,0.7257194519042969,0.6217658519744873,-0.0745975598692894,0.0,0.0,0.0,0.0,0.0,0.0,0.0,0.0,0.0,0.0,0.0,0.0,0.0,0.0,0.0,0.0,0.0,0.0,0.0,0.0,0.0,0.0,0.0,0.0,0.0,0.0,0.0,0.0,0.0,0.0,0.0,0.0,0.0,0.0,0.0,0.0,0.0,0.0,0.0,0.0,0.0,0.0,0.0,0.0,0.0,0.0,0.0,0.0,0.0,0.0,0.0,0.0,0.0,0.0,0.0,0.0,0.0,0.0,0.0,0.0,0.0,0.0,0.0
1783390803.982309,0.7891316413879395,0.5587785243988037,-2.8186931899654155e-07,0.7317220568656921,0.5452176332473755,0.0026225389447063208,0.6780315637588501,0.5624411702156067,-0.011555065400898457,0.6419462561607361,0.6143102049827576,-0.027018344029784203,0.630215048789978,0.6560414433479309,-0.043834418058395386,0.6508281230926514,0.4742175042629242,-0.034984782338142395,0.592212438583374,0.5384829640388489,-0.06229008361697197,0.5583072900772095,0.5767964124679565,-0.08090992271900177,0.5296795964241028,0.6040758490562439,-0.0951133593916893,0.6798612475395203,0.4791567325592041,-0.04930347204208374,0.6276940703392029,0.6065694093704224,-0.07423272728919983,0.6531190872192383,0.6320251822471619,-0.07468030601739883,0.6711044311523438,0.6123867034912109,-0.07554857432842255,0.7114929556846619,0.5051079392433167,-0.06315260380506516,0.6664248704910278,0.6341646313667297,-0.08179879933595657,0.6887806057929993,0.6422320604324341,-0.06911511719226837,0.7042433023452759,0.6065064072608948,-0.060999661684036255,0.7408038377761841,0.5360001921653748,-0.07701116055250168,0.7029531002044678,0.6414204239845276,-0.08942874521017075,0.7148576974868774,0.6523780226707458,-0.08130623400211334,0.7262486815452576,0.6233903169631958,-0.07562780380249023,0.0,0.0,0.0,0.0,0.0,0.0,0.0,0.0,0.0,0.0,0.0,0.0,0.0,0.0,0.0,0.0,0.0,0.0,0.0,0.0,0.0,0.0,0.0,0.0,0.0,0.0,0.0,0.0,0.0,0.0,0.0,0.0,0.0,0.0,0.0,0.0,0.0,0.0,0.0,0.0,0.0,0.0,0.0,0.0,0.0,0.0,0.0,0.0,0.0,0.0,0.0,0.0,0.0,0.0,0.0,0.0,0.0,0.0,0.0,0.0,0.0,0.0,0.0
1783390804.145762,0.7847455143928528,0.5648124814033508,-2.9820742497577157e-07,0.726881742477417,0.5538746118545532,0.004115378484129906,0.6735619902610779,0.5742151141166687,-0.010021327063441277,0.638871431350708,0.6274741888046265,-0.02575484663248062,0.6285568475723267,0.6722049713134766,-0.04309719428420067,0.6450327634811401,0.48457592725753784,-0.03263084590435028,0.5871740579605103,0.5589190125465393,-0.05837218463420868,0.5534030199050903,0.6030048727989197,-0.07594296336174011,0.5254597663879395,0.6332958936691284,-0.08952716737985611,0.672169029712677,0.489604115486145,-0.047846511006355286,0.6203762292861938,0.6178046464920044,-0.07114740461111069,0.6456660628318787,0.6480562686920166,-0.07100328803062439,0.6637369990348816,0.6321858763694763,-0.07182472944259644,0.7018161416053772,0.515131413936615,-0.06242746487259865,0.657630980014801,0.6460562944412231,-0.07854871451854706,0.6813120245933533,0.6567643284797668,-0.06483465433120728,0.6972292065620422,0.6239101886749268,-0.05702737346291542,0.7300199866294861,0.546064019203186,-0.07714138180017471,0.6935730576515198,0.6519925594329834,-0.08742514252662659,0.7072548270225525,0.6663593649864197,-0.07821736484766006,0.7197437882423401,0.6407888531684875,-0.07246435433626175,0.0,0.0,0.0,0.0,0.0,0.0,0.0,0.0,0.0,0.0,0.0,0.0,0.0,0.0,0.0,0.0,0.0,0.0,0.0,0.0,0.0,0.0,0.0,0.0,0.0,0.0,0.0,0.0,0.0,0.0,0.0,0.0,0.0,0.0,0.0,0.0,0.0,0.0,0.0,0.0,0.0,0.0,0.0,0.0,0.0,0.0,0.0,0.0,0.0,0.0,0.0,0.0,0.0,0.0,0.0,0.0,0.0,0.0,0.0,0.0,0.0,0.0,0.0
1783390804.34305,0.7751569747924805,0.5708786845207214,-2.639583840391424e-07,0.7148149609565735,0.5640369057655334,0.0017830856377258897,0.6600697040557861,0.5879344940185547,-0.01250405889004469,0.6274561285972595,0.6418576240539551,-0.027914240956306458,0.6232576370239258,0.6878831386566162,-0.04494833946228027,0.6340784430503845,0.49600231647491455,-0.03158734366297722,0.5795931816101074,0.5763770937919617,-0.05427156016230583,0.5476484298706055,0.6244078278541565,-0.06897986680269241,0.5214059948921204,0.6573659777641296,-0.08060870319604874,0.661766767501831,0.5024140477180481,-0.04592102766036987,0.6134510040283203,0.6340875029563904,-0.06820499897003174,0.636791467666626,0.6606987118721008,-0.06854091584682465,0.6539778709411621,0.6442839503288269,-0.06933404505252838,0.6923539042472839,0.5280848145484924,-0.05954387038946152,0.6528179049491882,0.663181722164154,-0.07673574984073639,0.6741513609886169,0.6700641512870789,-0.06527545303106308,0.6876950263977051,0.6380427479743958,-0.05802742391824722,0.7214415073394775,0.5591624975204468,-0.07322175055742264,0.6851310133934021,0.6671661138534546,-0.0836954191327095,0.6986761093139648,0.6786848902702332,-0.07450186461210251,0.710978090763092,0.6544537544250488,-0.06834474951028824,0.0,0.0,0.0,0.0,0.0,0.0,0.0,0.0,0.0,0.0,0.0,0.0,0.0,0.0,0.0,0.0,0.0,0.0,0.0,0.0,0.0,0.0,0.0,0.0,0.0,0.0,0.0,0.0,0.0,0.0,0.0,0.0,0.0,0.0,0.0,0.0,0.0,0.0,0.0,0.0,0.0,0.0,0.0,0.0,0.0,0.0,0.0,0.0,0.0,0.0,0.0,0.0,0.0,0.0,0.0,0.0,0.0,0.0,0.0,0.0,0.0,0.0,0.0
1783390804.5156832,0.7609172463417053,0.5822927951812744,-2.5183842922160693e-07,0.7028330564498901,0.5779989361763,0.0008893684716895223,0.6497122049331665,0.6106956005096436,-0.013914891518652439,0.6195521950721741,0.6730485558509827,-0.02961648814380169,0.6117983460426331,0.7210735082626343,-0.046728044748306274,0.618276834487915,0.526843786239624,-0.034446459263563156,0.564636766910553,0.6084097623825073,-0.060323599725961685,0.533109724521637,0.6586299538612366,-0.0773954764008522,0.5069218277931213,0.6946398019790649,-0.09025196731090546,0.6473626494407654,0.52986741065979,-0.04822230339050293,0.6021696329116821,0.6659079194068909,-0.0724945142865181,0.6257339715957642,0.6924713850021362,-0.07351521402597427,0.6419313549995422,0.6743428111076355,-0.07453123480081558,0.6791138052940369,0.5524616241455078,-0.06160475313663483,0.6413344740867615,0.6893590688705444,-0.08072468638420105,0.663322389125824,0.694846510887146,-0.06980182230472565,0.6763327717781067,0.6592678427696228,-0.06236383691430092,0.7094265222549438,0.5794593691825867,-0.07488740980625153,0.675038754940033,0.6908318400382996,-0.08687078207731247,0.6882312893867493,0.7008609175682068,-0.07811643183231354,0.6991322040557861,0.6735473275184631,-0.07172877341508865,0.0,0.0,0.0,0.0,0.0,0.0,0.0,0.0,0.0,0.0,0.0,0.0,0.0,0.0,0.0,0.0,0.0,0.0,0.0,0.0,0.0,0.0,0.0,0.0,0.0,0.0,0.0,0.0,0.0,0.0,0.0,0.0,0.0,0.0,0.0,0.0,0.0,0.0,0.0,0.0,0.0,0.0,0.0,0.0,0.0,0.0,0.0,0.0,0.0,0.0,0.0,0.0,0.0,0.0,0.0,0.0,0.0,0.0,0.0,0.0,0.0,0.0,0.0
